Tue Nov  1 14:12:44 2022
Species: ActiFors_Heli
Name: DAct22-7322_4
Number of SNPs: 3732
Number of clones: 3444
Number of samples: 388


Samples missing data for  0.5  of loci
NSW1014615: 0.968649517684887
NSW1014689: 0.970525187566988
NSW1014694: 0.971329046087889
NSW933200.1: 0.758038585209003
NSW1014630: 0.970525187566988
NSW1014620: 0.964898177920686
NSW1035040: 0.533494105037513
NSW812943: 0.811093247588424
NSW812841: 0.796087888531618
NSW814075: 0.823687031082529
NSW1166680: 0.633708467309753
NSW1016537: 0.97427652733119
NSW814224: 0.870846730975348
NSW1158787: 0.986870310825295
NSW1158790: 0.626741693461951
NSW1158778: 0.989549839228296
NSW1158782: 0.634244372990354


