Tue Nov  1 14:12:45 2022
Species: ActiFors_Heli
Name: DAct22-7322_4
Number of SNPs: 3444
Number of clones: 3444
Number of samples: 388


Samples missing data for  0.5  of loci
NSW1014615: 0.97212543554007
NSW1014689: 0.974738675958188
NSW1014694: 0.975029036004646
NSW933200.1: 0.759581881533101
NSW1014630: 0.974157955865273
NSW1014620: 0.969802555168409
NSW1035030: 0.502322880371661
NSW1035040: 0.54616724738676
NSW812943: 0.814750290360046
NSW812841: 0.804878048780488
NSW814075: 0.829849012775842
NSW1166680: 0.635598141695703
NSW1016537: 0.977932636469222
NSW814224: 0.876887340301974
NSW1158787: 0.987224157955865
NSW1158790: 0.626596980255517
NSW1158778: 0.989547038327526
NSW1158782: 0.62862950058072


